
[Main]
DepthFile = RESOURCE\foam\islands\Antigua.tga
vBoxCenter = -77.997070,0.000000,-25.612244
vBoxSize = 1185.974121,0.000000,1103.987305

[GraphPoints]
pnt0 = -915.,385.,7,0,1,0,2,0,3,0,6,0,7,0,23,0,24,
pnt1 = -362.8868,109.2784,6,0,1,1,2,1,3,1,4,1,5,1,6,
pnt2 = -577.3199,204.1238,4,0,2,1,2,2,3,2,5,
pnt3 = -560.8251,249.4847,5,0,3,1,3,2,3,3,5,3,6,
pnt4 = -395.8765,-92.78356,2,1,4,4,5,
pnt5 = -317.526,288.66,4,1,5,2,5,3,5,4,5,
pnt6 = -1200.001,400.0002,10,0,6,1,6,3,6,6,7,6,22,6,23,6,24,6,25,6,35,6,36,
pnt7 = -1039.176,600.0004,8,0,7,6,7,7,21,7,23,7,24,7,25,7,26,7,35,
pnt8 = -1166.668,-41.02568,3,8,22,8,35,8,38,
pnt9 = -1087.18,-300.0003,3,9,35,9,36,9,37,
pnt10 = -953.847,-812.8212,6,10,11,10,22,10,27,10,28,10,35,10,36,
pnt11 = -192.3079,-1271.796,10,10,11,11,12,11,15,11,27,11,28,11,29,11,30,11,31,11,35,11,36,
pnt12 = 589.7441,-1061.539,11,11,12,12,13,12,14,12,15,12,27,12,28,12,29,12,30,12,31,12,32,12,36,
pnt13 = 753.8468,-810.2571,7,12,13,13,14,13,15,13,28,13,29,13,30,13,31,
pnt14 = 1210.257,-589.7441,13,12,14,13,14,14,15,14,16,14,17,14,18,14,28,14,29,14,30,14,31,14,32,14,33,14,34,
pnt15 = 1079.488,-689.7442,14,11,15,12,15,13,15,14,15,15,16,15,17,15,18,15,28,15,29,15,30,15,31,15,32,15,33,15,34,
pnt16 = 1166.668,425.6414,14,14,16,15,16,16,17,16,18,16,19,16,20,16,25,16,26,16,29,16,30,16,31,16,32,16,33,16,34,
pnt17 = 1169.232,17.94873,11,14,17,15,17,16,17,17,18,17,26,17,29,17,30,17,31,17,32,17,33,17,34,
pnt18 = 1217.95,-387.1798,11,14,18,15,18,16,18,17,18,18,28,18,29,18,30,18,31,18,32,18,33,18,34,
pnt19 = 933.3342,910.2572,10,16,19,19,20,19,24,19,25,19,26,19,30,19,31,19,32,19,33,19,34,
pnt20 = 658.9749,1110.257,11,16,20,19,20,20,21,20,23,20,24,20,25,20,26,20,31,20,32,20,33,20,34,
pnt21 = -235.8976,1194.873,8,7,21,20,21,21,23,21,24,21,25,21,26,21,33,21,34,
pnt22 = -1320.514,110.2565,8,6,22,8,22,10,22,22,23,22,24,22,27,22,35,22,36,
pnt23 = -1528.226,983.8711,14,0,23,6,23,7,23,20,23,21,23,22,23,23,24,23,25,23,26,23,27,23,33,23,34,23,35,23,36,
pnt24 = -1540.323,2068.549,16,0,24,6,24,7,24,19,24,20,24,21,24,22,24,23,24,24,25,24,26,24,27,24,32,24,33,24,34,24,35,24,36,
pnt25 = -221.7742,2096.774,14,6,25,7,25,16,25,19,25,20,25,21,25,23,25,24,25,25,26,25,31,25,32,25,33,25,34,25,35,
pnt26 = 790.3227,2056.452,14,7,26,16,26,17,26,19,26,20,26,21,26,23,26,24,26,25,26,26,30,26,31,26,32,26,33,26,34,
pnt27 = -1080.645,-1512.097,12,10,27,11,27,12,27,22,27,23,27,24,27,27,28,27,29,27,30,27,31,27,35,27,36,
pnt28 = 612.9033,-1592.742,16,10,28,11,28,12,28,13,28,14,28,15,28,18,28,27,28,28,29,28,30,28,31,28,32,28,33,28,34,28,35,28,36,
pnt29 = 1350.807,-1612.903,16,11,29,12,29,13,29,14,29,15,29,16,29,17,29,18,29,27,29,28,29,29,30,29,31,29,32,29,33,29,34,29,36,
pnt30 = 2245.968,-1629.032,18,11,30,12,30,13,30,14,30,15,30,16,30,17,30,18,30,19,30,26,30,27,30,28,30,29,30,30,31,30,32,30,33,30,34,30,36,
pnt31 = 2229.839,-665.3226,20,11,31,12,31,13,31,14,31,15,31,16,31,17,31,18,31,19,31,20,31,25,31,26,31,27,31,28,31,29,31,30,31,31,32,31,33,31,34,31,36,
pnt32 = 2237.904,487.9033,17,12,32,14,32,15,32,16,32,17,32,18,32,19,32,20,32,24,32,25,32,26,32,28,32,29,32,30,32,31,32,32,33,32,34,
pnt33 = 2245.968,1354.839,18,14,33,15,33,16,33,17,33,18,33,19,33,20,33,21,33,23,33,24,33,25,33,26,33,28,33,29,33,30,33,31,33,32,33,33,34,
pnt34 = 2237.904,2068.549,18,14,34,15,34,16,34,17,34,18,34,19,34,20,34,21,34,23,34,24,34,25,34,26,34,28,34,29,34,30,34,31,34,32,34,33,34,
pnt35 = -1673.387,-274.1936,14,6,35,7,35,8,35,9,35,10,35,11,35,22,35,23,35,24,35,25,35,27,35,28,35,35,36,35,38,
pnt36 = -1798.387,-1411.291,15,6,36,9,36,10,36,11,36,12,36,22,36,23,36,24,36,27,36,28,36,29,36,30,36,31,36,35,36,36,37,
pnt37 = -1010.,-90.,3,9,37,36,37,37,38,
pnt38 = -1095.,-30.,3,8,38,35,38,37,38,

