
[Main]
DepthFile = RESOURCE\foam\islands\Aruba.tga
vBoxCenter = -62.407227,0.000000,15.994019
vBoxSize = 1337.816895,0.000000,865.781250

[GraphPoints]
pnt0 = 125.,845.,15,0,1,0,2,0,3,0,4,0,12,0,13,0,14,0,15,0,16,0,21,0,22,0,23,0,25,0,28,0,31,
pnt1 = -5.,550.,7,0,1,1,14,1,21,1,22,1,23,1,28,1,31,
pnt2 = -720.,385.,13,0,2,2,3,2,4,2,14,2,15,2,21,2,22,2,23,2,24,2,25,2,28,2,30,2,31,
pnt3 = -1060.,250.,12,0,3,2,3,3,4,3,14,3,15,3,21,3,22,3,23,3,24,3,25,3,30,3,31,
pnt4 = -1480.,125.,15,0,4,2,4,3,4,4,5,4,6,4,14,4,15,4,21,4,22,4,23,4,24,4,25,4,29,4,30,4,31,
pnt5 = -1565.,-430.,8,4,5,5,6,5,7,5,20,5,21,5,22,5,27,5,29,
pnt6 = -1595.,-970.,12,4,6,5,6,6,7,6,9,6,18,6,19,6,20,6,21,6,22,6,27,6,29,6,32,
pnt7 = -1025.,-520.,5,5,7,6,7,7,20,7,27,7,29,
pnt8 = 245.,-315.,7,8,9,8,10,8,18,8,19,8,20,8,26,8,32,
pnt9 = 95.,-510.,10,6,9,8,9,9,10,9,17,9,18,9,19,9,20,9,26,9,27,9,32,
pnt10 = 1290.,245.,11,8,10,9,10,10,11,10,15,10,16,10,17,10,18,10,19,10,20,10,26,10,32,
pnt11 = 1245.,560.,9,10,11,11,12,11,13,11,14,11,15,11,16,11,17,11,18,11,23,
pnt12 = 945.,820.,11,0,12,11,12,12,13,12,14,12,15,12,16,12,17,12,18,12,21,12,22,12,23,
pnt13 = 630.,935.,10,0,13,11,13,12,13,13,14,13,15,13,16,13,17,13,21,13,22,13,23,
pnt14 = 585.,1600.,18,0,14,1,14,2,14,3,14,4,14,11,14,12,14,13,14,14,15,14,16,14,17,14,18,14,21,14,22,14,23,14,25,14,28,14,31,
pnt15 = 1410.,1485.,16,0,15,2,15,3,15,4,15,10,15,11,15,12,15,13,15,14,15,15,16,15,17,15,18,15,21,15,22,15,23,15,31,
pnt16 = 1955.,1465.,14,0,16,10,16,11,16,12,16,13,16,14,16,15,16,16,17,16,18,16,19,16,21,16,22,16,23,16,26,
pnt17 = 1885.,670.,15,9,17,10,17,11,17,12,17,13,17,14,17,15,17,16,17,17,18,17,19,17,20,17,22,17,23,17,26,17,32,
pnt18 = 1925.,-335.,15,6,18,8,18,9,18,10,18,11,18,12,18,14,18,15,18,16,18,17,18,18,19,18,20,18,26,18,27,18,32,
pnt19 = 930.,-515.,11,6,19,8,19,9,19,10,19,16,19,17,19,18,19,19,20,19,26,19,27,19,32,
pnt20 = -250.,-985.,13,5,20,6,20,7,20,8,20,9,20,10,20,17,20,18,20,19,20,20,26,20,27,20,29,20,32,
pnt21 = -1575.,815.,19,0,21,1,21,2,21,3,21,4,21,5,21,6,21,12,21,13,21,14,21,15,21,16,21,21,22,21,23,21,24,21,25,21,28,21,30,21,31,
pnt22 = -1560.,1595.,20,0,22,1,22,2,22,3,22,4,22,5,22,6,22,12,22,13,22,14,22,15,22,16,22,17,22,21,22,22,23,22,24,22,25,22,28,22,30,22,31,
pnt23 = -555.,1570.,19,0,23,1,23,2,23,3,23,4,23,11,23,12,23,13,23,14,23,15,23,16,23,17,23,21,23,22,23,23,24,23,25,23,28,23,30,23,31,
pnt24 = -670.,155.,8,2,24,3,24,4,24,21,24,22,24,23,24,24,25,24,30,
pnt25 = -945.,165.,11,0,25,2,25,3,25,4,25,14,25,21,25,22,25,23,25,24,25,25,30,25,31,
pnt26 = 970.,-15.,9,8,26,9,26,10,26,16,26,17,26,18,26,19,26,20,26,26,32,
pnt27 = -390.,-595.,8,5,27,6,27,7,27,9,27,18,27,19,27,20,27,27,32,
pnt28 = 130.,645.,8,0,28,1,28,2,28,14,28,21,28,22,28,23,28,28,31,
pnt29 = -1240.,-370.,5,4,29,5,29,6,29,7,29,20,29,
pnt30 = -630.,280.,9,2,30,3,30,4,30,21,30,22,30,23,30,24,30,25,30,30,31,
pnt31 = -485.,515.,13,0,31,1,31,2,31,3,31,4,31,14,31,15,31,21,31,22,31,23,31,25,31,28,31,30,31,
pnt32 = 115.,-445.,10,6,32,8,32,9,32,10,32,17,32,18,32,19,32,20,32,26,32,27,32,

