
[Main]
DepthFile = RESOURCE\foam\islands\Guadelupa.tga
vBoxCenter = 333.757080,0.000000,81.742920
vBoxSize = 1726.150146,0.000000,1467.341553

[GraphPoints]
pnt0 = 745.0983,444.4446,7,0,1,0,2,0,3,0,4,0,5,0,26,0,32,
pnt1 = 555.5558,607.8434,6,0,1,1,2,1,25,1,26,1,31,1,32,
pnt2 = 653.595,803.9219,10,0,2,1,2,2,3,2,4,2,5,2,25,2,26,2,30,2,31,2,32,
pnt3 = 594.7715,941.1768,9,0,3,2,3,3,4,3,24,3,25,3,26,3,30,3,31,3,32,
pnt4 = 588.2355,1382.354,11,0,4,2,4,3,4,4,5,4,24,4,25,4,26,4,30,4,31,4,32,4,33,
pnt5 = 477.1244,1588.236,13,0,5,2,5,4,5,5,6,5,7,5,24,5,25,5,26,5,30,5,31,5,32,5,33,5,34,
pnt6 = -196.0785,1238.563,9,5,6,6,7,6,9,6,10,6,11,6,12,6,33,6,34,6,35,
pnt7 = 294.1178,1500.001,5,5,7,6,7,7,32,7,33,7,34,
pnt8 = -454.2485,696.0787,7,8,9,8,10,8,11,8,12,8,33,8,34,8,35,
pnt9 = -444.4446,888.8892,8,6,9,8,9,9,10,9,11,9,12,9,33,9,34,9,35,
pnt10 = -882.3533,209.1504,8,6,10,8,10,9,10,10,11,10,12,10,33,10,34,10,35,
pnt11 = -1039.216,150.3269,8,6,11,8,11,9,11,10,11,11,12,11,33,11,34,11,35,
pnt12 = -1441.177,-228.7583,10,6,12,8,12,9,12,10,12,11,12,12,13,12,27,12,33,12,34,12,35,
pnt13 = -1388.889,-846.4056,7,12,13,13,14,13,15,13,16,13,27,13,34,13,35,
pnt14 = -1179.739,-911.7651,5,13,14,14,15,14,16,14,27,14,35,
pnt15 = -859.4775,-1120.915,5,13,15,14,15,15,16,15,27,15,35,
pnt16 = -584.9675,-1336.602,8,13,16,14,16,15,16,16,17,16,27,16,28,16,29,16,35,
pnt17 = -81.69938,-1437.909,9,16,17,17,18,17,19,17,20,17,21,17,27,17,28,17,29,17,30,
pnt18 = 352.9413,-1264.706,8,17,18,18,19,18,20,18,21,18,27,18,28,18,29,18,30,
pnt19 = 764.7062,-1013.072,8,17,19,18,19,19,20,19,21,19,27,19,28,19,29,19,30,
pnt20 = 1477.125,-732.0264,8,17,20,18,20,19,20,20,21,20,27,20,28,20,29,20,30,
pnt21 = 2052.288,-513.0721,11,17,21,18,21,19,21,20,21,21,22,21,27,21,28,21,29,21,30,21,31,21,32,
pnt22 = 2081.7,-251.6341,8,21,22,22,23,22,24,22,25,22,29,22,30,22,31,22,32,
pnt23 = 1931.373,-133.987,6,22,23,23,24,23,25,23,30,23,31,23,32,
pnt24 = 1627.452,352.9413,10,3,24,4,24,5,24,22,24,23,24,24,25,24,30,24,31,24,32,24,33,
pnt25 = 1522.876,473.8564,13,1,25,2,25,3,25,4,25,5,25,22,25,23,25,24,25,25,26,25,30,25,31,25,32,25,33,
pnt26 = 905.2291,584.9675,9,0,26,1,26,2,26,3,26,4,26,5,26,25,26,26,31,26,32,
pnt27 = -1261.438,-1911.765,15,12,27,13,27,14,27,15,27,16,27,17,27,18,27,19,27,20,27,21,27,27,28,27,29,27,30,27,34,27,35,
pnt28 = 924.837,-1957.517,10,16,28,17,28,18,28,19,28,20,28,21,28,27,28,28,29,28,30,28,35,
pnt29 = 2656.864,-1908.497,12,16,29,17,29,18,29,19,29,20,29,21,29,22,29,27,29,28,29,29,30,29,31,29,32,
pnt30 = 3088.237,-183.0066,19,2,30,3,30,4,30,5,30,17,30,18,30,19,30,20,30,21,30,22,30,23,30,24,30,25,30,27,30,28,30,29,30,30,31,30,32,30,33,
pnt31 = 2905.23,1199.347,15,1,31,2,31,3,31,4,31,5,31,21,31,22,31,23,31,24,31,25,31,26,31,29,31,30,31,31,32,31,33,
pnt32 = 2029.412,2101.308,18,0,32,1,32,2,32,3,32,4,32,5,32,7,32,21,32,22,32,23,32,24,32,25,32,26,32,29,32,30,32,31,32,32,33,32,34,
pnt33 = -300.6537,2411.766,16,4,33,5,33,6,33,7,33,8,33,9,33,10,33,11,33,12,33,24,33,25,33,30,33,31,33,32,33,33,34,33,35,
pnt34 = -1617.648,1212.419,13,5,34,6,34,7,34,8,34,9,34,10,34,11,34,12,34,13,34,27,34,32,34,33,34,34,35,
pnt35 = -2359.478,-503.2682,14,6,35,8,35,9,35,10,35,11,35,12,35,13,35,14,35,15,35,16,35,27,35,28,35,33,35,34,35,

