
[Main]
DepthFile = RESOURCE\foam\islands\islamona.tga
vBoxCenter = 425.834015,0.000000,26.919922
vBoxSize = 1130.238037,0.000000,1730.119141

[GraphPoints]
pnt0 = -200.,-100.,7,0,1,0,2,0,14,0,15,0,16,0,23,0,24,
pnt1 = -380.,400.,8,0,1,1,2,1,13,1,14,1,15,1,22,1,23,1,24,
pnt2 = -770.,580.,11,0,2,1,2,2,3,2,13,2,14,2,15,2,16,2,17,2,22,2,23,2,24,
pnt3 = -810.,1090.,10,2,3,3,4,3,13,3,14,3,15,3,16,3,17,3,22,3,23,3,24,
pnt4 = -265.,1770.,7,3,4,4,5,4,15,4,16,4,17,4,18,4,24,
pnt5 = 450.,1825.,8,4,5,5,6,5,7,5,16,5,17,5,18,5,19,5,20,
pnt6 = 1135.,1370.,6,5,6,6,7,6,17,6,18,6,19,6,20,
pnt7 = 1685.,700.,10,5,7,6,7,7,8,7,9,7,10,7,17,7,18,7,19,7,20,7,21,
pnt8 = 1640.,275.,7,7,8,8,9,8,10,8,18,8,19,8,20,8,21,
pnt9 = 1630.,-610.,7,7,9,8,9,9,10,9,18,9,19,9,20,9,21,
pnt10 = 1585.,-1145.,9,7,10,8,10,9,10,10,11,10,18,10,19,10,20,10,21,10,22,
pnt11 = 470.,-1850.,9,10,11,11,12,11,13,11,15,11,20,11,21,11,22,11,23,11,24,
pnt12 = -40.,-1465.,7,11,12,12,13,12,15,12,16,12,22,12,23,12,24,
pnt13 = -395.,-995.,11,1,13,2,13,3,13,11,13,12,13,13,14,13,15,13,16,13,22,13,23,13,24,
pnt14 = -460.,-515.,10,0,14,1,14,2,14,3,14,13,14,14,15,14,16,14,22,14,23,14,24,
pnt15 = -2125.,940.,15,0,15,1,15,2,15,3,15,4,15,11,15,12,15,13,15,14,15,15,16,15,17,15,18,15,22,15,23,15,24,
pnt16 = -1875.,2070.,14,0,16,2,16,3,16,4,16,5,16,12,16,13,16,14,16,15,16,16,17,16,18,16,22,16,23,16,24,
pnt17 = -370.,2880.,12,2,17,4,17,5,17,6,17,7,17,15,17,16,17,17,18,17,19,17,20,17,23,17,24,
pnt18 = 2155.,2585.,13,4,18,5,18,6,18,7,18,8,18,9,18,10,18,15,18,16,18,17,18,18,19,18,20,18,21,
pnt19 = 2965.,1095.,10,5,19,6,19,7,19,8,19,9,19,10,19,17,19,18,19,19,20,19,21,
pnt20 = 2920.,-485.,12,5,20,6,20,7,20,8,20,9,20,10,20,11,20,17,20,18,20,19,20,20,21,20,22,
pnt21 = 2515.,-2070.,10,7,21,8,21,9,21,10,21,11,21,18,21,19,21,20,21,21,22,21,23,
pnt22 = -400.,-2660.,14,1,22,2,22,3,22,10,22,11,22,12,22,13,22,14,22,15,22,16,22,20,22,21,22,22,23,22,24,
pnt23 = -1980.,-1725.,14,0,23,1,23,2,23,3,23,11,23,12,23,13,23,14,23,15,23,16,23,17,23,21,23,22,23,23,24,
pnt24 = -2220.,-420.,14,0,24,1,24,2,24,3,24,4,24,11,24,12,24,13,24,14,24,15,24,16,24,17,24,22,24,23,24,

