
[Main]
DepthFile = RESOURCE\foam\islands\sent.tga
vBoxCenter = -55.299103,0.000000,41.719696
vBoxSize = 775.916748,0.000000,879.671387

[GraphPoints]
pnt0 = -233.6844,-671.5793,4,0,1,0,35,0,36,0,37,
pnt1 = -324.2107,-852.6321,8,0,1,1,2,1,26,1,27,1,28,1,35,1,36,1,37,
pnt2 = -650.5267,-831.5795,6,1,2,2,3,2,33,2,34,2,35,2,36,
pnt3 = -736.8425,-734.7373,6,2,3,3,4,3,5,3,33,3,34,3,35,
pnt4 = -774.7373,-477.895,4,3,4,4,5,4,33,4,34,
pnt5 = -856.8427,-284.2107,9,3,5,4,5,5,6,5,7,5,8,5,9,5,32,5,33,5,34,
pnt6 = -793.6847,-103.158,8,5,6,6,7,6,8,6,9,6,31,6,32,6,33,6,34,
pnt7 = -766.3162,-29.4737,8,5,7,6,7,7,8,7,9,7,31,7,32,7,33,7,34,
pnt8 = -751.5794,103.158,9,5,8,6,8,7,8,8,9,8,12,8,31,8,32,8,33,8,34,
pnt9 = -696.8425,210.5264,12,5,9,6,9,7,9,8,9,9,10,9,11,9,12,9,14,9,31,9,32,9,33,9,34,
pnt10 = -524.2108,288.4212,6,9,10,10,11,10,12,10,31,10,32,10,33,
pnt11 = -328.4213,498.9477,6,9,11,10,11,11,12,11,31,11,32,11,33,
pnt12 = -273.6844,616.8425,9,8,12,9,12,10,12,11,12,12,13,12,14,12,31,12,32,12,33,
pnt13 = -56.84214,703.1583,5,12,13,13,14,13,31,13,32,13,33,
pnt14 = 58.9474,871.5795,8,9,14,12,14,13,14,14,15,14,30,14,31,14,32,14,33,
pnt15 = 193.6843,926.3163,6,14,15,15,16,15,17,15,30,15,31,15,32,
pnt16 = 461.0529,833.6847,5,15,16,16,17,16,29,16,30,16,31,
pnt17 = 650.5267,764.211,9,15,17,16,17,17,18,17,19,17,20,17,28,17,29,17,30,17,31,
pnt18 = 661.053,692.632,6,17,18,18,19,18,20,18,28,18,29,18,30,
pnt19 = 682.1057,446.3161,6,17,19,18,19,19,20,19,28,19,29,19,30,
pnt20 = 734.7373,240.0001,11,17,20,18,20,19,20,20,21,20,22,20,23,20,27,20,28,20,29,20,30,20,36,
pnt21 = 629.4741,31.57897,10,20,21,21,22,21,23,21,24,21,26,21,27,21,28,21,29,21,30,21,36,
pnt22 = 583.1583,-88.4211,12,20,22,21,22,22,23,22,24,22,25,22,26,22,27,22,28,22,29,22,30,22,35,22,36,
pnt23 = 501.0529,-174.737,11,20,23,21,23,22,23,23,24,23,25,23,26,23,27,23,28,23,29,23,35,23,36,
pnt24 = 418.9476,-240.0001,10,21,24,22,24,23,24,24,25,24,26,24,27,24,28,24,29,24,35,24,36,
pnt25 = 208.4212,-412.6318,8,22,25,23,25,24,25,25,26,25,27,25,28,25,29,25,36,
pnt26 = 208.4212,-517.895,12,1,26,21,26,22,26,23,26,24,26,25,26,26,27,26,28,26,29,26,35,26,36,26,37,
pnt27 = 581.053,-450.5266,14,1,27,20,27,21,27,22,27,23,27,24,27,25,27,26,27,27,28,27,29,27,30,27,35,27,36,27,37,
pnt28 = 1132.632,-280.0002,17,1,28,17,28,18,28,19,28,20,28,21,28,22,28,23,28,24,28,25,28,26,28,27,28,28,29,28,30,28,35,28,36,28,37,
pnt29 = 1157.895,526.3161,17,16,29,17,29,18,29,19,29,20,29,21,29,22,29,23,29,24,29,25,29,26,29,27,29,28,29,29,30,29,31,29,35,29,36,
pnt30 = 1094.738,1250.527,15,14,30,15,30,16,30,17,30,18,30,19,30,20,30,21,30,22,30,27,30,28,30,29,30,30,31,30,32,30,36,
pnt31 = -277.8949,1200.001,17,6,31,7,31,8,31,9,31,10,31,11,31,12,31,13,31,14,31,15,31,16,31,17,31,29,31,30,31,31,32,31,33,31,34,
pnt32 = -968.4216,888.4216,15,5,32,6,32,7,32,8,32,9,32,10,32,11,32,12,32,13,32,14,32,15,32,30,32,31,32,32,33,32,34,
pnt33 = -1155.79,145.2632,16,2,33,3,33,4,33,5,33,6,33,7,33,8,33,9,33,10,33,11,33,12,33,13,33,14,33,31,33,32,33,33,34,
pnt34 = -1128.422,-612.632,12,2,34,3,34,4,34,5,34,6,34,7,34,8,34,9,34,31,34,32,34,33,34,34,35,
pnt35 = -435.7897,-1208.422,14,0,35,1,35,2,35,3,35,22,35,23,35,24,35,26,35,27,35,28,35,29,35,34,35,35,36,35,37,
pnt36 = 303.1581,-1067.369,16,0,36,1,36,2,36,20,36,21,36,22,36,23,36,24,36,25,36,26,36,27,36,28,36,29,36,30,36,35,36,36,37,
pnt37 = 4.210529,-650.5267,7,0,37,1,37,26,37,27,37,28,37,35,37,36,37,

