Head_joint,camera,0.999104,0.006469464,-0.04182537,-0.009001711,0.998119,-0.06064143,0.04135438,0.0609636,0.9972829,0.01285702,1.521864,0.1814654,1,2.942727E-44,0,0,0,0,0,0,0,
Pistol_Joint,Gun_Hand,0.9113677,-0.3488685,0.2184026,0.3967544,0.8858254,-0.2406226,-0.1095209,0.3059478,0.9457278,-0.3432336,0.8245398,0.07587377,1,5.465064E-44,0,0,0,0,0,0,0,
Hand_Saber_Joint,Saber_hand,-0.9736078,-0.1949109,-0.1187329,-0.02019498,0.5917734,-0.8058514,0.2273322,-0.7821854,-0.5800914,0.1812298,0.9721136,0.07130727,1,1.121039E-44,0,0,0,0,0,0,0,
Saber_Joint,Saber_belt,-0.9736078,-0.1949109,-0.1187329,-0.02019498,0.5917734,-0.8058514,0.2273322,-0.7821854,-0.5800914,0.1812298,0.9721136,0.07130727,1,1.121039E-44,0,0,0,0,0,0,0,
Hips_Joint,Gun_Belt,0.9113677,-0.3488685,0.2184026,0.3967544,0.8858254,-0.2406226,-0.1095209,0.3059478,0.9457278,-0.3432336,0.8245398,0.07587377,1,5.465064E-44,0,0,0,0,0,0,0,
